x <- 1:4
y <- 2
x + y

